id,username
4898970,AsesAtz
12138509,Snowkitty
13498057,AshWeststar
25725192,is0ap
26829560,Rashidlimbada
32529458,DeltaWolf
35861657,Formalhaut
41582429,Numou
45729533,MaxxHa
49327373,Nassrawy90
50112877,MirPASEC
55189014,SamH100
57558254,mLehmk
67050020,DJ_Scratch_Musikatt
68894525,MSMORSHEDI
72247652,Geenz
74457065,Ne0w0kai
76227635,itspafka
76416538,ZiGreen9k
79838897,LumiFox
84439692,Purokushi
86857547,Aigey
90551663,RucioDonk
95277872,Millow95
97042137,mostafa1960
99452622,Polar_Lykaios
101204620,gurkankuzu
103469262,Phailyoor
104932375,Hulex
107649953,Hassanalizad
109198199,dinamyc
109290988,chrome_dragon
111946320,morolian
114921711,ardescar
116562429,Umicakes
117376392,Axeous
119973540,GIRLGIRLBOY
121191052,Nirvah
122225888,Drekhan
122841964,Nikita_Bazarov
124607205,IraIrick
128220390,eltoso
133554975,KyuubiYoru
136299612,ToonCat
137260802,totegamma
137436394,SlyTheShark
138262585,VeeveeHase
139057079,cmc_cs2
139094081,GrayBoltWolf
139859053,hymhym
141745626,dynamyte
143338918,Snakeysnake
144778621,yesthisiscario
146959684,Chundelac
147902848,RockmanRock
154167597,SpaceGaytor
157269835,Mmuller7
163996223,ottah
165889354,peetzweg
167587424,Flufsky
171346582,Readun
171767219,ebfrocha
174447789,wuffmallow
175167223,Dingerfox
176067798,Soutarou
177224855,Ruslan_buildings
177598086,Sveken
178915127,martin447
182402210,Rougelycan
182730543,Jax_TheRedFox
183361873,Ichigo_renard
183458482,183458482
186219873,Dirty_Marx
186486783,saraumk
191203118,TorrFoxx
191663083,hamman247
193073306,Klaxus
194182067,ShigureTheFox
194224484,Epsilion
194352124,MakoNL
195062718,Iggyzixx
196591949,dandicoot
197053668,snowdraggal
198523891,vilkpub
202857742,TheSpazman
203989773,Namminamm
206789415,sparkysergal
207416631,Chris_Blackpaw
207851849,FyreFlareon
208464627,djentislife
211326728,Niiir
212490728,pawpplio
213046787,Magics0
216844722,ajax_wolfaroo
217137646,DartKitten
221711116,Isabella_Smussi
223019982,Otteroo
226418276,BurnerWah
227485864,Sinshep
228198134,DJ_c4t
228485532,JackieAlexender
229481154,abolfazlkingtak
231601161,druss_hb
234747990,Fuzy_Sidwell
237146953,JewelTK
237405144,vadesto
241541036,TarinCoyote
243962503,Rawdenberry
251470072,GreyfusG
252937488,RubixTheFox
254517996,Alex_Dash
256642404,Xorigrin
258313700,Dimi7
271042136,Landsfiskalen
271890577,valentin_the_degu
273427829,Serenia_Bloodwing
274570722,FrozenAlex
274776646,Levi775
276492936,gwaland
278683632,SM_26
280365510,Volvis
283376793,Opeliz
284380768,Voxophone
288580107,ilyamarts
290424140,luvinimeep
292474221,xiaomahua
293094780,Derageris
298266811,Nexulan
300172396,DanteMaxwell
301379571,monlex
302523363,Khosumi
304253020,MRRIVERSS
306770370,SharkieBarkie
307983423,jellyosaurus
310992795,Zeith
311653245,ModernBalloonie
312146178,312146178
318801654,Mostafa_ba_Hussien
320254117,malburns
320425153,JesperCheetah
320497295,batissamadian
321122866,Conicaw
324042111,deltabotx
324705646,N0xak
326857038,olexa_olexandrivna
329801237,SR1329
332955602,Xyfer
333936037,shirishsingh
339325451,339325451
344479385,yeg0r
346573307,Marnixx
348938542,Consecrati0n
352662961,bentodrone
353932385,magickian
362100397,Andrii_WL
362626382,CyanTabby
366084590,eojii
367626660,Zaphael0
368771742,WakiyamaP
369126541,ProbablePrime
369401643,AdiusKitty
375056665,chinwhi
375201501,375201501
376108261,Hosh76
380088498,ReyvanTheBat
382080465,Kozakduf
383643636,naisakov
392417165,Eodemirci
392737541,rpmarketingRon
394147198,archietheraccoon
396891499,BirbDergg
397976130,KaliBirb
399020740,mintpez
401099844,dikwon
402487760,e7ern1ty
404987302,TheDragonWilly
406525218,sar0403
412387224,gordon12345
413923359,jojulia
414204376,Weleleliano
415047256,HelloMrV
415304436,baggioblue
416419585,inimortaq
419405147,nyx_whitefox
419655174,419655174
420774987,420774987
422482748,Leandro1983
424262609,wangleihong
424512552,Stfu1012
424672486,Vilas33
427758133,Playtendoh
432937933,ShadowWing48
433677900,tariiiixx
436371978,Endeavour8
438279118,blmds
438583498,Tawn121
440108576,Bob168888888
440927222,kkTUZ
441232583,xueling888
442071912,RobMcNealy
442082616,ZeroFox
444182601,nosticker_bot
447210121,Trevethan
451188339,Remi1337
453515699,duythanh11
454155084,XINGLONGBING
456990750,web3connec
457912611,cryptofuturecom
459400932,459400932
462081792,oso214
463277284,ReimusTasa
466595535,phamhongsoncss
468096972,468096972
468362545,shaman_dp
468635941,Ddarbdarb
472767281,IsVVK
473332320,fierynest
478037748,gameofthrone263
482471793,crypto_lino
483885498,rollingfluffball
485246075,TakoTheFemboy
490522498,490522498
494215983,Frank_Dang26
495012295,EquinoxSnowFox
496220291,Iliyaaskarifar
496965673,FlameSoulis
497374070,kazu0617
503053139,NitinA16
503367085,Jun082017
504411049,SkyDeltion
505311776,fwangs628
505356549,LiquidCyfer
506391110,Faynam1
507105960,Zaocacao
510016027,vovihaha
511026280,wiziker
512699021,olexanderr
514442705,sm1ths
514516379,knackrack615
515541686,CugaCuloProductions
518352445,AbdulazizSM
521457029,HandOfCrystal
521890976,danfreedomdotcom
521973282,JohnnyCrypto2022
522703092,realbadbrains
523961948,Drjsuz
525828307,misslilyapple
528757992,Thethinkr
529272843,digdagzigzagonindon
530127030,Alex_A_avali
532711721,Viridis_Vipero
533109844,Oldgregg11
534035415,CryptoDamon
535068643,Hand_Eye
537470442,motherfluffer
538044403,Nagi_Mizune
538779965,royiroyi
543478601,ValethosGlem
546396970,manblack1y
550683180,NickSlab
554092591,LordRaspy
555392324,Snubby
557473507,JaneYip
559100255,JackJack188
561504135,Malvsss
568495552,Voldrak
569465425,apoldyey
570920738,HadilKrenn
573096566,xyxy520
574254908,daciandra
574365958,574365958
578879271,Zoheb_mateen
582994883,Gano19
585065974,D5goph
586503748,J_ahmad90
588810519,FoxyFunday
589284674,Sanctiblary
590089928,Crypt0_Si
591270525,Adi_LP
600298303,Griefsergal
600601056,Gazacat
605325647,Dineshkp15
605326025,Meta_Tata_ua
605365508,flying_nabi
605370593,Zelewolfy
609142663,h4739
628106714,XaosPrincess
632895377,Mystery095
636102008,untiltable
639073204,Phishfood12
644314430,BlueCyro
645454012,simoncrawfordash
647105800,economicsbat
648847797,sgjustino
650146510,adifoe
653303638,Marcelo_Wolf
659561351,TatiusLunaticus
661361570,shocktail39
663072895,AdamBemVR
671692585,silentwasd
676277969,Xaziana_Tenebris
679821539,PunLordGirabresol
685893433,AhlbiDragon
690684860,RelaxnCrypto
692378598,tizzers
693355009,zaytha
701154499,paigegote
701602893,Thylo
720022989,frmetatron
721132323,Zgrate
726730817,Kodufan
733097550,733097550
737074897,MerithTK
737578132,737578132
741562386,graywyot
742918399,akbakayusuf
743585803,GShep81
743974620,kandyelmo
745561393,GamingBeast233
756384071,BoredPoptart
756732320,FuzzyFoxe
757696138,757696138
759264483,Luckun
760333748,760333748
760432773,Goonyboy
762808911,762808911
765168307,Rojanv5
771936783,inv1za
772841134,772841134
775361422,Alexscofil
780266925,Eli_Dayax
787702588,moonishining
788884534,Ced_ddl
800132795,braveborn
801594394,Jowc9099
802702224,qwerpoui12
805475433,blockdao
806256800,bluestarpin
806734753,kkingsu
808910012,RsselhtuR
809304335,andreea_cs
810085183,TheWolfMate
810184478,sharkmare0001
810726408,Ch0ppy
814463056,814463056
814590496,KyraKitsune
815608516,hao281
816737029,CaliFoxhound
816838747,816838747
817591009,Cervoxx
817875742,protogenwave
818638498,todamoom
818790122,Zwicky777
820955800,fireflyesv
824659647,nordnpv
824716426,Hualili2022
825188917,SnepGryphon
828483623,Erin_cuddlebunny
828901343,828901343
833978594,KryptoPX
834044597,ProxyFox_YDG
837514223,Cryptokv12
842771596,rubberbutt
848356108,Waeb344
849244435,849244435
849967706,aboyusof55
852841815,VirtualMarten
852977012,sawanbazuz
855849782,Wedxu
859639275,thatonedrolf
861227907,JMctrl
861425843,Moodguy1
861829256,861829256
863487212,Cyril_Sneer
865046744,lukaszp1265
868744182,develobu
868939919,Gamethecupdog
869436019,NeketoArt
870861676,jack_p2b1
873092901,eskazvers
874208587,s1mps0ns
875123646,RAYHUANG31
877370630,bajjari
878848265,pandasbamboo
881586521,KeruAvali
883234948,davydovmain
885199785,Djhodjho
886190146,mazurkke
888815793,Medo123455
891151973,lightwo
891601313,maxguguji
894350928,electronus97
901362783,IEK92
903029057,Euristhean
904412197,904412197
907330308,CATcut2
909336750,Kyra1400
909447338,cylexx
910867539,michaellbd
914235477,BigBlackSmoke
916939679,michl0
919048579,arabadea
920937932,RealEnverex
923516099,numaneksi
927561136,tadj0ck
929169476,929169476
929333945,JoeTheSnoopy
930178105,animalchin
940143465,Sarrakitty
944877078,radeon111
945896978,shawny43
946484229,Furglitch
951606761,r7uaz0n
953191354,Aexkey
956186258,lfelgueta
958449402,AAYMENZ
959365709,wx18888
959535986,LakesideMiners
964274388,ArbiterBrave
964730354,Raemien
964865116,WoodGear
965883986,965883986
969503180,SomeBunny53
979387312,JTFluffington
983241807,SrAriel
985119591,985119591
988778440,988778440
991679758,KhramChee
993451844,Koala3332
996583997,ugonkwocha
1000227006,Irambona_david
1001907480,1001907480
1004379585,nullandvoid2
1004924878,sengexyz
1005798762,sirkitree
1012361517,paocai998
1020845496,Torch8989
1026802422,Ravenium2
1027878583,ggoma_bear
1028287809,wifispybsmc
1029822493,leorioleorio
1034101084,sparkztehdragon
1037760761,heyvolkon
1038526112,AngelSaxon
1043730346,NoPigRobot
1046221304,semkont
1047069481,SilverLude
1050201869,uuesernamme
1051483904,Kteam49
1052024704,Sdmuller
1057926652,vcrsaliva
1058556253,mentariochain
1058844743,bitbybit1983
1063074450,dteo6
1064143578,Futures7777
1073804030,Allabouturiel
1075583975,Ivarxgod
1079704899,dragan_ya
1080878075,CryptoGunnerAdmin
1083536549,Justin123188
1083796029,emma_ohworeko
1086199671,Paz0303c
1086815399,Tubba555
1089715483,Akapur87
1092055950,1092055950
1103121410,GreenMarch
1104050114,warsame94th
1104882220,Abby_rests
1111379150,herry_100x
1114468491,marcelnrt
1118552590,1118552590
1119187966,Bass201312
1119779760,truongnx89
1124617105,sangle1409
1127322731,Lonelypro
1131498887,Ronnyhobbscrypto
1132049490,beez_beez
1132977939,goth2boss
1136650202,1136650202
1137254408,TUBS_22
1139021065,Dr_Sanad
1144943049,kakstatham
1145454288,awdegen
1147509741,1147509741
1149401653,andew2936
1152480700,erwinK660
1154503636,chuyenphi
1156875485,Naiw8ke
1162952696,OshionWolf
1165669287,lifeiscrazy89
1168230234,ADRIAN886
1170662717,jwiz1
1171169108,1171169108
1172625890,HaoLongGG
1178450477,Pauli02
1178643108,lumavida
1185054904,1185054904
1185510948,dfgHiatus
1194025209,CottonThetiger
1198462859,1198462859
1200788402,avanticoinn
1209201316,wonfiddy
1209335477,Fuchsbart
1219830691,TayIorRobinson
1227674973,1227674973
1231466580,kyshi
1232138546,Void_Sentient
1235275038,Bombo2021
1236185743,Magicjazz
1237495438,MelvinTSY
1242541546,zuckerbrin1
1244274144,1244274144
1245739977,bashar_bsa
1245878602,Maui85
1249903443,wayan000
1250810291,paul_burg
1255639517,Easonliu81
1260575342,1260575342
1266809776,Saphelzer
1269483365,1269483365
1273191912,1273191912
1277139211,TrippleA1
1280985504,Raymondxxv
1287223392,Hlily59
1287302506,Josgo
1287568013,NA6_Kohi
1290602080,cobuscoetsee
1293392527,LakeSheep
1297484655,1297484655
1299127275,Qerewe
1299128895,1299128895
1299309007,Crypto_Buzzp
1302041567,TitanoBulls
1303370955,KHoleCrypto
1304757170,1304757170
1305623847,nervay26
1305761018,yuan15eth
1308227565,Crypto_Laird
1316543795,prestonzen
1324442043,riskmaster101
1326201856,Aura_BOI
1328741921,Jabari7
1332506482,PinDownGirl
1335717822,Seilork
1337645108,preventphonenumber
1337647770,h33tology
1342062651,yx22935
1344008776,RocketJackXBT
1344939950,Der_TJ_Telegram
1345397315,J4M35DE
1347586688,botdom666
1353918723,1353918723
1362807181,Enesgk49
1363310337,cesuryurek1
1366220646,up2021up2022
1367734123,CryptoV168
1368848757,happycoin88
1373437538,BurningSpaceMan
1378355117,Golanhast
1378708844,samphilip25
1382144355,Ben001c
1382351414,1382351414
1382727091,RGBTalk
1386744906,1386744906
1388267292,art0007i
1390785597,Nineshines
1392047463,PolarizDFuzz
1398338643,pumbayo
1399538887,killcat091
1399540267,cgb31566
1402421014,NisroTheSkullDog
1402588385,1402588385
1406904345,skywee97
1416047994,pnrodriguezh
1423234790,1423234790
1424521529,rezaN8888
1425496745,Jochen_Fue
1426281212,1426281212
1426295954,1426295954
1427818152,Austin2fly
1432395513,1432395513
1441555805,roman_probit
1442124097,ReiyaDutchie
1447996920,HurstZhou
1448263741,ksushi123321
1448689089,ALPHA_Topshotta
1451375237,1451375237
1453260359,1453260359
1453998253,jeffreysdm91
1454396830,1454396830
1458912098,AstroNinjaX
1468760491,1468760491
1470905648,edabambi
1473401289,crypto4zero
1473454401,TommyVR
1477655811,CDKeys86
1478997840,RajeshYadav121
1481959762,TheFloofyFloof
1482680129,1482680129
1484020659,thanhtung0508
1488596072,RS_8682
1489601760,1489601760
1490080423,Wet_twizzler
1493191908,veronicaxox
1496365773,Zyntaks
1499320014,Naramo1
1500472099,sj13sj13
1502038287,labubububu
1504136612,1504136612
1505307041,1505307041
1505623877,1505623877
1507947798,1507947798
1508667792,1508667792
1510607029,alexandre3h33
1513057603,mlssjenvlogs
1514253116,Daktareliz
1514325472,jknobody
1520636873,Nibx1
1520903233,SeventhVoid
1526412077,Ayong1201
1528558919,Bloccbuzz
1534239854,Floximo
1536163915,saydogdu23
1537489630,gergerace
1540236921,AlexW_578
1545011991,risfendiyar
1545021701,brodokk
1551908768,mwhitmire
1552076254,aungyi123
1554701145,King_of_saltt
1556554608,kadena_pad
1556856843,SP_Jock
1561499476,1561499476
1563243917,1563243917
1566436853,errgr
1569408427,BlowMoody
1570089817,1570089817
1572068851,mingycn
1574210495,lys343
1578647144,Zan_Hyena
1579087132,misjenvlogs
1584684276,teh_turk
1591083600,FutchDurface
1592463462,GodBtc666
1593247794,Giuliano_me
1599670219,yumisama1
1600335507,ablex66
1602795473,1602795473
1605300514,1605300514
1606312443,Tedium75
1607324568,Always_nutz
1607993129,metapanda
1608490038,youlike8866
1614082852,1614082852
1614235422,elemti
1616291841,FuJiaZjr
1619473142,Ab_al3azmi
1619638778,j037837
1620212993,TattlingElk
1622908964,1622908964
1623297274,iamthepopeofdope1
1625791933,jfcarre2001
1629857834,rulzs0112
1630275560,1630275560
1630964275,Rushdwa
1636489757,ai1988188
1645451829,Kamulop
1648762756,CalamityLime
1653429357,1653429357
1653540512,sirdavamp
1656926500,peeping_tom_OU812
1658968975,Napalm5
1663798053,Faisal6362
1664061150,Kevin_kc
1664341743,hypermango
1665328523,Emess91
1666285220,1666285220
1669461456,Devster371
1669533501,1669533501
1676015875,LFG777
1677428096,Zyro1331
1684743412,Akime19
1688737280,1688737280
1689544269,1689544269
1691255298,1691255298
1691636352,Undeadkesha
1694222784,1694222784
1698745159,geyeye_com
1704270616,web3building
1706642546,lucario1721
1706811533,cqclove2
1707238707,spirobrine
1709636289,Obey138WasTaken
1710519722,Hermietkreeft
1711161580,Gunnar_0
1711936044,Fengtao141319
1713461731,zerocool8
1713736133,1713736133
1713778867,1713778867
1714737712,1714737712
1715554487,Divineakn
1718646415,Dark_Dutchie
1720086953,jacobmsmall
1723754045,telg_usr
1725981832,NonnyFreedom
1728816976,DefiDeeASX
1729573670,MargoHughSizemore
1731378778,AaronIaaS
1731738013,Karatans
1733730528,1733730528
1735085773,yanyan911111
1740573328,tengueclipse
1742365635,1742365635
1743855651,Angeloone1
1744701511,ralloyd33
1748271560,tchuss23
1751486400,rapidbombs
1755545954,1755545954
1756224396,xDDTx
1756826010,cumuluscapital
1757329311,1757329311
1757990325,1757990325
1758858304,ahmingbm
1758963132,jae_low
1759000326,Teiloras
1759535335,marriyammano09
1761658672,winwinwon4
1763661721,niccolasmunoz
1764885399,Alhajipoundz
1765459979,some_random_one
1767901668,1767901668
1768260228,marz_47
1771279038,1771279038
1777270965,1777270965
1782136917,Thunderd0me
1783368951,Morgylew
1784796942,1784796942
1787053288,rawpie2
1793908871,Umezou
1795358979,Cattuccino_vr
1798423507,1798423507
1800248346,berry123456789
1800800515,1800800515
1803382074,IzzyD321
1804056718,Alex4Rich
1804885535,KWEICHWMOUTAI
1806281192,BigRedWolfy
1807894138,1807894138
1809683239,acheema
1812524315,bitcoin_hope
1817449247,wbluck
1818560131,zziilli
1827895960,Bullwek
1832270156,SmilebotNFT
1837586425,Big_DuDu
1837776052,ProtogenRen
1838312669,Patriot_Alpha_Furry
1839612592,1839612592
1841119485,Cryptonuttt
1841475287,shiyu7708
1846172659,1846172659
1847775111,dododo2255
1848252062,owu01
1852025312,1852025312
1852766822,TheRealDaddyRexx
1855904601,wee8282
1860240577,Crypto_RealKing
1864364329,lesterpaintstheworld
1865060108,1865060108
1865605609,1865605609
1873208586,1873208586
1874273495,MikeCEOHodler
1876719524,lijirui
1877258614,WhatToFarm_Official2
1878574728,daes_cs
1879224590,1879224590
1881609979,luvriego
1883377716,qianbo0918
1883824635,1883824635
1884207438,Sam_aktar
1885038214,aragubas
1886298243,1886298243
1887003289,1887003289
1889145361,Belief_76474
1891199568,leechardX
1895323313,1895323313
1898713461,1898713461
1902101814,yurilopesyoutuber
1902794984,btcmoree
1904619843,SpesialGardener
1911021613,tacnicalafsha12
1912521596,JIe177
1915617469,orcbull
1917526284,CocoOfHeart
1919088747,1919088747
1919207643,SuperMax45
1922584726,gryphustwo
1924179849,nazary07
1926910238,wildzaravi
1928983242,1928983242
1931177694,NEOPHYTE_13
1931546648,panpan506
1932514469,Louis_Bitmart
1933001465,Iverson_I3
1940351250,1940351250
1940601325,DA_cosmic
1941159542,tprstly
1941455421,Frosteh11
1942676986,E5Defi
1948138273,ZeedexA
1948471881,Axel_el_gato
1950563915,RnDBasket
1950602732,1950602732
1951466868,MultiFarmDev
1951916934,Jack888100
1953101980,nooooooobu
1953669713,1953669713
1960432990,1960432990
1960636829,panxiaoxiao
1967575409,BagOGUTS
1970220445,nftexpert787
1973405001,1973405001
1973715623,CocoGrrl
1974122288,Fxck856
1981701834,ko_ko66
1986844774,jiujinshanbushibali
1998189357,marty4396
2003418499,2003418499
2007312496,donaldchenbo
2009987510,junyang87
2010545392,pgilcar
2014763109,Mate_mcx
2015956785,massiveunit69
2020253057,2020253057
2021437980,Mauuii
2021538248,2021538248
2024829068,NFT_Trader5
2026688160,2026688160
2027554537,rachitamediax
2030102485,2030102485
2030224778,rizpDMH
2030830911,2030830911
2034175407,agleelee
2037365203,connection_9
2038077707,YTfei1990
2041732048,jdidbk3
2042306341,promo1ste
2046001136,2046001136
2049847678,2049847678
2053618022,loplpl
2057115573,thetrueslyrak
2059489640,2059489640
2060035657,rafajj
2063491943,leoaustin
2063582454,Naborisk
2068921551,SVragmiser
2070165733,thomas5884
2071873247,2071873247
2074421735,sky266z
2074990381,2074990381
2077258532,YehanLC
2081143441,2081143441
2082959696,youlike88666
2083692940,mark_john78
2086984662,cyberlynix
2087377196,birb100u
2087652458,2087652458
2087792194,Vp_upbit
2089452432,Yaaaasuo
2093680340,feelingpool
2095578092,ScepticStream
2096093253,ThreeTailedKitsune
2098710050,alchemist_u
2101242487,2101242487
2101714256,2101714256
2102015927,2102015927
2103328636,SkyeTheTimeBeast
2106868127,C_StarR
2107856873,cryptovane
2108640958,Cadylk
2109253867,sneekysnoop
2111216267,hideenge6
2115450435,2115450435
2116107894,arnison
2120445767,Lexevo
2122198092,tonyhaggerty
2123777940,kenchiop
2127723876,2127723876
2127777200,2127777200
2128254962,2128254962
2129285026,CuteTheSylveon
2134058007,2134058007
2134169997,2134169997
2134801475,2134801475
2135408476,Hakiiimm
2136005197,2136005197
2137262857,2137262857
2138702149,KingElvis33
2139226317,Shello_Jello
2141399968,2141399968
2141606664,alysoenarto
2145089323,2145089323
5000005979,worldcryptonfts33
5001433517,LH_Paul
5001481798,evanthehusky
5002130649,deuscrypto
5002616429,OJBK_O
5003059821,5003059821
5007130694,Alex_Satoshi_Club
5007565726,Paul_LH
5008553780,Avacchio
5009176455,LanKister
5016055135,itzTaylorMan
5020929040,panda_dev_317
5024165679,ComradeTurtle
5025756600,peachwoof
5032498867,5032498867
5034506974,DovahDoVolom
5038362808,5038362808
5045126349,5045126349
5046933281,5046933281
5048456524,gigamellish
5050311283,luxzivr
5051667237,FluffyTail7
5055549427,Shotzla
5055620014,5055620014
5057258679,5057258679
5057407404,Cherryblade
5057585009,Holdbitcoineth
5058051361,5058051361
5069140944,5069140944
5079040874,5079040874
5088421991,5088421991
5089237748,elenangelika
5099661848,Vancity200
5099878883,5099878883
5100116911,5100116911
5102401244,5102401244
5106030842,5106030842
5106637015,5106637015
5107177777,5107177777
5108019559,daokey2022
5109022123,Gareth48
5109329945,GIocken
5113167821,5113167821
5114960288,5114960288
5121758215,5121758215
5122487011,5122487011
5122894664,5122894664
5126488281,Neosmotic
5129905742,puortosimone
5130064606,5130064606
5131375727,5131375727
5132099773,dezknoph
5132407415,5132407415
5134142104,OmenTheBad
5134319892,5134319892
5134604725,PallaviULTAINFINITY
5136974705,malooniac
5137383340,K4mpro
5137811495,Beverlymercado81
5139287789,5139287789
5139526387,5139526387
5139589166,zfmoth
5139668891,5139668891
5144222676,KazieKittie
5145222672,tokentmc
5147149054,5147149054
5147665919,5147665919
5147797994,Milliondollars101
5147827907,Delvinjames
5148833091,5148833091
5149828111,5149828111
5150133915,cerealbowlsystem
5151378616,kenjj11
5153105613,dayuhaitang111
5153681187,5153681187
5156884985,5156884985
5158638918,The_Micro
5161236072,5161236072
5163438030,LinkaIndustries
5164852661,5164852661
5166456729,andresxx1
5166557698,jae1911
5167973653,5167973653
5169648197,Wujek_Bocian
5171730239,5171730239
5171848840,Safcoin1
5172135905,5172135905
5174146963,zodiepupper
5174502432,5174502432
5176944224,5176944224
5177516820,5177516820
5180466147,james_c0rbin
5185559259,5185559259
5186940309,5186940309
5187515238,5187515238
5189257485,sqacesoft
5190678574,5190678574
5191952286,Blockchaintechsarun
5192791283,5192791283
5194269623,Makcbel_Reeex
5197489771,5197489771
5199542343,blockchainnatt
5203601579,jeffdudleyy
5203801999,5203801999
5207785848,Aferon_s
5208282860,5208282860
5209760157,5209760157
5211038631,5211038631
5212094696,cryptocoins237
5212621124,ZanePinkBear
5214256322,5214256322
5214430763,5214430763
5214980202,5214980202
5215874988,TakiiiNotFound
5216293240,5216293240
5218923537,5218923537
5219833325,5219833325
5222359425,WUHUDASIMA111
5230326274,MikeDAWolf
5231326947,RivaJean88
5231942479,S_M709
5233827279,5233827279
5233944498,Crypto_Benson
5234176393,5234176393
5238974522,5238974522
5240912354,5240912354
5242894836,ELWIN_COINSTORELISTING
5246786979,5246786979
5249650848,pappykush1
5252065496,5252065496
5252313848,KR_code
5252534716,joshua_coinstore
5253610920,Dacon2431
5253625778,5253625778
5256654490,PianoDragon
5260666409,5260666409
5265971078,5265971078
5268974233,5268974233
5270316762,5270316762
5270433043,5270433043
5270561562,armored_dragon
5270852061,5270852061
5272003075,Kerrie_MMPro
5273237212,benitezserg
5273868191,MrKungFuMonkey
5274917323,5274917323
5276138786,5276138786
5283556657,5283556657
5285081726,Ultraverse64
5290590357,InkxtheSquid
5294045358,5294045358
5298792260,linchuyue
5299825673,tylernfts
5300752649,NatalieBoxmining
5301058005,spacecryptooooo
5301822981,5301822981
5301871468,5301871468
5302220660,Cameron27
5305778148,FoxOnFire
5307971807,5307971807
5308292902,5308292902
5309020310,5309020310
5309955297,5309955297
5311866682,HellenHYVE
5312360406,5312360406
5313587841,5313587841
5316773154,5316773154
5317954102,5317954102
5322054992,5322054992
5326412398,5326412398
5326515994,webmasterssu
5327015688,alizardVR
5327243755,5327243755
5329406819,5329406819
5332601129,H3xFqx
5332979224,Shadowgames624
5334031612,KenKen7047
5334405237,5334405237
5335478862,5335478862
5337611535,kevinwarhaft
5339603082,5339603082
5342611842,dzzen_com2
5345322376,5345322376
5345661657,5345661657
5345737298,5345737298
5347805138,alien442
5348265951,ExoTheWicker
5363892806,5363892806
5365906868,5365906868
5366324012,mak_0231
5367762227,zoheb93
5369476344,sumiko_manager
5369920226,paullong10
5370223340,stcy45
5375471928,5375471928
5376264217,5376264217
5376382694,5376382694
5376386868,Trustedupvoter45
5382493507,5382493507
5382814143,5382814143
5383093199,Changseowook
5386331749,5386331749
5386706782,5386706782
5387786678,5387786678
5388389053,5388389053
5388582597,PhantomCrash45
5391173880,5391173880
5391728034,VolodiaKarapata_ListingGuru
5391891400,LeCloutPanda
5392038309,Jordan_Leo26
5392081028,CoinMoonerSupport4
5392914070,5392914070
5395050236,5395050236
5396662627,CryoMyst
5398757441,salokopol
5400070660,ejamono
5400697419,Zordanh
5401369749,MarcusRitter
5402193726,5402193726
5404805024,5404805024
5407681554,John_Huan
5410821129,wizard_level_80
5418684895,KPgotbit
5419409625,ramona2479
5425225216,5425225216
5433425308,Motionless6449
5435085621,5435085621
5437056528,5437056528
5438009274,5438009274
5439448707,kevin_sadik
5440364489,5440364489
5441248022,5441248022
5442022831,5442022831
5442360829,5442360829
5445736226,5445736226
5451329820,tapebreeder
5455894013,5455894013
5456941434,5456941434
5457932743,VirgilGangster
5461130596,5461130596
5462470963,5462470963
5466013944,wentworthy9
5467827957,5467827957
5469133011,stephaniewilifred
5471318019,5471318019
5471960405,5471960405
5474221522,5474221522
5476514297,5476514297
5476771844,5476771844
5481515392,Wei_crypto
5484227035,KingTrottington
5489773875,5489773875
5491758616,5491758616
5492237247,5492237247
5495111799,5495111799
5497577396,5497577396
5499253868,5499253868
5499580957,5499580957
5501122099,5501122099
5509391441,5509391441
5509464845,5509464845
5511987355,Decoybird
5513178588,5513178588
5513990684,5513990684
5518409379,5518409379
5521593951,5521593951
5526165590,5526165590
5530106610,5530106610
5531134883,5531134883
5532961619,5532961619
5537043324,5537043324
5539819401,5539819401
5541099147,5541099147
5544590475,5544590475
5545694978,5545694978
5548868780,katya_LocalTrade
5549982891,5549982891
5550930421,Antifundy_Offical
5552197600,5552197600
5553125445,5553125445
5556014296,5556014296
5556921091,5556921091
5558844657,LCBitcoin
5562866793,lcccza
5566288164,5566288164
5567040738,5567040738
5570017607,Latoken_Dhairya
5572988308,VulpinePrime
5577371029,5577371029
5577648401,5577648401
5578712937,5578712937
5579737608,5579737608
5581235243,5581235243
5581717474,5581717474
5582475479,Wang_Chen1st
5584485738,5584485738
5590690696,5590690696
5593256549,5593256549
5593486043,5593486043
5595942434,5595942434
5598309726,5598309726
5599243276,5599243276
5613087514,escos1
5616974921,daechul0
5618822988,kayy_popoola
5622083875,CuanDev
5622648549,5622648549
5622961953,Kev_Bitmart3
5623417173,5623417173
5623793795,5623793795
5626653620,ngocanh22313
5629609572,zvics
5631769802,Yohoheyho
5632750346,PLEXUS_Ted
5635887382,TheSpecterLemon
5638628531,5638628531
5638833609,5638833609
5649456714,Markanthonytmp
5650027742,GeckoTerminalTrend
5653419295,KateDzzen
5655880483,Feng4197
5657052737,holyhere
5662958745,5662958745
5665813518,5665813518
5666331970,5666331970
5667197204,5667197204
5671051641,rmbrabbit
5675072723,maria4708
5682894594,5682894594
5687358625,Haitaohaoyou
5689209193,5689209193
5690508313,5690508313
5691123034,marites_078
5691654211,5691654211
5691985171,Vip34976
5696153353,Emersonbest
5697516444,drison64
5702583587,mapleenby
5704286332,5704286332
5707171047,kenoip
5716074014,SiriRorschach
5716691235,Tmccap
5717756853,Bunnehboi
5729314282,5729314282
5737279203,5737279203
5754462536,5754462536
5754896918,NotEkere
5754935421,5754935421
5755589569,5755589569
5757979134,osjsghe
5758680646,Keko543
5758785625,Holdencrypto1
5761803427,5761803427
5764530793,JoeTager
5769823067,AmaniiCC
5773523281,5773523281
5777596079,Kangdewo
5779198641,Lyna_dassilva
5782477608,5782477608
5793992419,Alex_Kovalchick
5796867590,5796867590
5797786117,Leahahhha
5798481065,5798481065
5798858196,5798858196
5801269192,Yaroslav_IvendPay
5801572140,letsmakeitsuccessful
5809339487,Davislaurenbnb
5813865988,Void_of_Memories
5820151861,5820151861
5827729135,5827729135
5834355722,5834355722
5856609423,5856609423
5860816024,TheCoinRepublicX
5861285728,5861285728
5866667114,apex_xx10
5869240253,5869240253
5871900347,Berk992
5890288919,5890288919
5892218052,YeJKL_cfa
5893523402,Catkeepers
5896085351,5896085351
5897875079,5897875079
5900422790,5900422790
5904895431,Emily_junglist
5910650410,coinsource112
5919084641,LeonidCryptoView
5927082560,jombu4444bnb2global
5935540685,usdebt_army
5937679308,5937679308
5938441368,BAPUi69
5942069261,queenhidi
5948963497,sctanf86
5956460903,5956460903
5960640140,5960640140
5962924879,akutsenko_coinband
5967677597,5967677597
5969391601,5969391601
5975338864,5975338864
5981783455,Raymondngk
5990568500,5990568500
5997124172,5997124172
6009553250,6009553250
6011208702,6011208702
6039849787,user28362js4a1
6040663246,6040663246
6045826384,boimoder
6047382423,6047382423
6068764152,haben_ila
6076253012,rubyr_11
6077094247,6077094247
6080895680,williamsgab
6081413599,I1b2r3a5
6081577698,6081577698
6086353208,anapualaprivate
6090334967,IvoryFluff
6091420581,StellersAvali
6092355471,6092355471
6096723994,LUIZXTRA01
6097949393,6097949393
6099627759,6099627759
6100490661,c3c3l14
6103185520,Vincentgarret
6104900078,itis_grace
6109028843,6109028843
6110836762,6110836762
6116188384,6116188384
6128044982,linki9s7
6129735421,6129735421
6134463673,6134463673
6139933359,6139933359
6144594090,6144594090
6144614485,6144614485
6145450920,Thevrlover
6145939730,lucaconsulting
6146504811,6146504811
6152878865,otterpip
6153127066,6153127066
6162230232,6162230232
6172997626,logofoxx
6199212660,6199212660
6199856638,DemeterCrypto
6212928807,Shangmoon17
6222156163,6222156163
6222876382,6222876382
6236371192,Ken_MMPro
6238125118,ManagerGamingMedia
6242777502,6242777502
6247007103,6247007103
6251320363,alvaronunez12
6258864788,6258864788
6265952557,Vanilladollarcoin
6272318574,6272318574
6278960306,Nur_CoinW
6288690433,6288690433
6296739275,6296739275
6301287130,6301287130
6314048970,KenshinTheWolf
6324579079,6324579079
6325975693,VatikanCoinstore2
6327957014,6327957014
6335426704,6335426704
6338619975,6338619975
6357929707,6357929707
6369681516,6369681516
6375297446,Chiihiro0
6399698570,6399698570
6416714559,6416714559
6434183409,6434183409
6448265452,boldparadoxal_eth
6456033610,ekkiecatdeer
6462072753,6462072753
6479548203,6479548203
6500479604,6500479604
6517876043,6517876043
6531920580,6531920580
6585901417,Berny4000
6604052114,6604052114
6604618232,6604618232
6612161727,GigaLordCork
6629401850,6629401850
6656674877,6656674877
6676119067,6676119067
